"ID","FLDNAME","TBLNAME","CRFNAME","QUESTION","TEXT","STATUS","DEPRULE","TYPE","LENGTH","DECIML","RANGEVAL","RANGESQL","RANGEPRL","UNITS","CODE","NOTES","OBJID","COLID","RANGEJSCPT","NAVJSCPT","FTYPE","TAB","DE","MC","VISIBLE","LOGVISIBLE","MTBLNAME","SUBTBLNAME","POPJSCPT","GRID","DEF","update_stamp"
"","RID","ADMCDUKEP180UPLC","AD Metabolomics Consortium Duke Biocrates P180 Kit Ultra Performance Liquid Chromatography","-4","Participant roster ID. NOTE: 9999999 denotes pooled sample.","-4","-4","-4","-4","","-4","-4","-4","-4","-4","The 4 digit roster ID (RID) should be used to merge data","-4","-4","-4","-4","-4","-4","-4","-4","-4","-4","-4","-4","-4","-4","-4","2015-08-13 09:12:35.0"
"","Plate.Bar.Code","ADMCDUKEP180UPLC","AD Metabolomics Consortium Duke Biocrates P180 Kit Ultra Performance Liquid Chromatography","-4","Unique identifier for every plate generated by the Biocrates MetIDQ software","-4","-4","-4","-4","","-4","-4","-4","-4","-4","DESCRIPTION = Separate bar codes are generated for the UPLC and FIA plates (for this study there are 11 UPLC Plate Bar Codes and 11 FIA Plate Bar Codes); MOLECULEWEIGHT = NA; MOLECULARFORMULA = ; KEGG = ; MOLECULE = ; CAS = ; INCHIKEY = ; HMDB = ; CHEBI = ; IUPAC = ; ISOMERIC = ; INCHI = ; MESH = ; LMID = ","-4","-4","-4","-4","-4","-4","-4","-4","-4","-4","-4","-4","-4","-4","-4","2015-08-13 09:12:35.0"
"","Sample.Bar.Code","ADMCDUKEP180UPLC","AD Metabolomics Consortium Duke Biocrates P180 Kit Ultra Performance Liquid Chromatography","-4","Unique identifier for every sample registered in the Biocrates MetIDQ software","-4","-4","-4","-4","","-4","-4","-4","-4","-4","DESCRIPTION = This bar code number is the same for both UPLC and FIA samples; MOLECULEWEIGHT = NA; MOLECULARFORMULA = ; KEGG = ; MOLECULE = ; CAS = ; INCHIKEY = ; HMDB = ; CHEBI = ; IUPAC = ; ISOMERIC = ; INCHI = ; MESH = ; LMID = ","-4","-4","-4","-4","-4","-4","-4","-4","-4","-4","-4","-4","-4","-4","-4","2015-08-13 09:12:35.0"
"","Sample.Identification","ADMCDUKEP180UPLC","AD Metabolomics Consortium Duke Biocrates P180 Kit Ultra Performance Liquid Chromatography","-4","Unique identifier for every sample entered in the Duke Proteomics Sample Sumbission System.","-4","-4","-4","-4","","-4","-4","-4","-4","-4","DESCRIPTION = ; MOLECULEWEIGHT = NA; MOLECULARFORMULA = ; KEGG = ; MOLECULE = ; CAS = ; INCHIKEY = ; HMDB = ; CHEBI = ; IUPAC = ; ISOMERIC = ; INCHI = ; MESH = ; LMID = ","-4","-4","-4","-4","-4","-4","-4","-4","-4","-4","-4","-4","-4","-4","-4","2015-08-13 09:12:35.0"
"","Species","ADMCDUKEP180UPLC","AD Metabolomics Consortium Duke Biocrates P180 Kit Ultra Performance Liquid Chromatography","-4","Species of sample origin","-4","-4","-4","-4","","-4","-4","-4","-4","-4","DESCRIPTION = ; MOLECULEWEIGHT = NA; MOLECULARFORMULA = ; KEGG = ; MOLECULE = ; CAS = ; INCHIKEY = ; HMDB = ; CHEBI = ; IUPAC = ; ISOMERIC = ; INCHI = ; MESH = ; LMID = ","-4","-4","-4","-4","-4","-4","-4","-4","-4","-4","-4","-4","-4","-4","-4","2015-08-13 09:12:35.0"
"","Material","ADMCDUKEP180UPLC","AD Metabolomics Consortium Duke Biocrates P180 Kit Ultra Performance Liquid Chromatography","-4","For this study the samples are serum","-4","-4","-4","-4","","-4","-4","-4","-4","-4","DESCRIPTION = QC samples are plasma; MOLECULEWEIGHT = NA; MOLECULARFORMULA = ; KEGG = ; MOLECULE = ; CAS = ; INCHIKEY = ; HMDB = ; CHEBI = ; IUPAC = ; ISOMERIC = ; INCHI = ; MESH = ; LMID = ","-4","-4","-4","-4","-4","-4","-4","-4","-4","-4","-4","-4","-4","-4","-4","2015-08-13 09:12:35.0"
"","Well.Position","ADMCDUKEP180UPLC","AD Metabolomics Consortium Duke Biocrates P180 Kit Ultra Performance Liquid Chromatography","-4","Well number in the 96-well plate from which the sample was injected","-4","-4","-4","-4","","-4","-4","-4","-4","-4","DESCRIPTION = ; MOLECULEWEIGHT = NA; MOLECULARFORMULA = ; KEGG = ; MOLECULE = ; CAS = ; INCHIKEY = ; HMDB = ; CHEBI = ; IUPAC = ; ISOMERIC = ; INCHI = ; MESH = ; LMID = ","-4","-4","-4","-4","-4","-4","-4","-4","-4","-4","-4","-4","-4","-4","-4","2015-08-13 09:12:35.0"
"","Sample.Volume","ADMCDUKEP180UPLC","AD Metabolomics Consortium Duke Biocrates P180 Kit Ultra Performance Liquid Chromatography","-4","The volume of sample injected in microliters","-4","-4","-4","-4","","-4","-4","-4","-4","-4","DESCRIPTION = ; MOLECULEWEIGHT = NA; MOLECULARFORMULA = ; KEGG = ; MOLECULE = ; CAS = ; INCHIKEY = ; HMDB = ; CHEBI = ; IUPAC = ; ISOMERIC = ; INCHI = ; MESH = ; LMID = ","-4","-4","-4","-4","-4","-4","-4","-4","-4","-4","-4","-4","-4","-4","-4","2015-08-13 09:12:35.0"
"","Ala","ADMCDUKEP180UPLC","AD Metabolomics Consortium Duke Biocrates P180 Kit Ultra Performance Liquid Chromatography","-4","Alanine","-4","-4","-4","-4","","-4","-4","-4","-4","-4","DESCRIPTION = ; MOLECULEWEIGHT = 89.09318; MOLECULARFORMULA = C3H7NO2; KEGG = C01401; MOLECULE = Alanine; CAS = 302-72-7; INCHIKEY = QNAYBMKLOCPYGJ-UHFFFAOYSA-N; HMDB = ; CHEBI = 16449               ; IUPAC = 2-aminopropanoic acid; ISOMERIC = CC(C(=O)O)N; INCHI = InChI=1S/C3H7NO2/c1-2(4)3(5)6/h2H,4H2,1H3,(H,5,6); MESH = Alanine; LMID = ","-4","-4","-4","-4","-4","-4","-4","-4","-4","-4","-4","-4","-4","-4","-4","2015-08-13 09:12:35.0"
"","Arg","ADMCDUKEP180UPLC","AD Metabolomics Consortium Duke Biocrates P180 Kit Ultra Performance Liquid Chromatography","-4","Arginine","-4","-4","-4","-4","","-4","-4","-4","-4","-4","DESCRIPTION = ; MOLECULEWEIGHT = 174.20096; MOLECULARFORMULA = C6H14N4O2; KEGG = C00792; MOLECULE = D-Arginine; CAS = 157-06-2; INCHIKEY = ODKSFYDXXFIFQN-SCSAIBSYSA-N; HMDB = HMDB03416           ; CHEBI = 15816               ; IUPAC = (2R)-2-amino-5-(diaminomethylideneamino)pentanoic acid; ISOMERIC = C(C[C@H](C(=O)O)N)CN=C(N)N; INCHI = InChI=1S/C6H14N4O2/c7-4(5(11)12)2-1-3-10-6(8)9/h4H,1-3,7H2,(H,11,12)(H4,8,9,10)/t4-/m1/s1; MESH = Arginine; LMID = ","-4","-4","-4","-4","-4","-4","-4","-4","-4","-4","-4","-4","-4","-4","-4","2015-08-13 09:12:35.0"
"","Asn","ADMCDUKEP180UPLC","AD Metabolomics Consortium Duke Biocrates P180 Kit Ultra Performance Liquid Chromatography","-4","Asparagine","-4","-4","-4","-4","","-4","-4","-4","-4","-4","DESCRIPTION = ; MOLECULEWEIGHT = 132.11792; MOLECULARFORMULA = C4H8N2O3; KEGG = C01905; MOLECULE = D-Asparagine; CAS = 2058-58-4; INCHIKEY = DCXYFEDJOCDNAF-UWTATZPHSA-N; HMDB = ; CHEBI = 28159               ; IUPAC = (2R)-2,4-diamino-4-oxobutanoic acid; ISOMERIC = C([C@H](C(=O)O)N)C(=O)N; INCHI = InChI=1S/C4H8N2O3/c5-2(4(8)9)1-3(6)7/h2H,1,5H2,(H2,6,7)(H,8,9)/t2-/m1/s1; MESH = Asparagine; LMID = ","-4","-4","-4","-4","-4","-4","-4","-4","-4","-4","-4","-4","-4","-4","-4","2015-08-13 09:12:35.0"
"","Asp","ADMCDUKEP180UPLC","AD Metabolomics Consortium Duke Biocrates P180 Kit Ultra Performance Liquid Chromatography","-4","Aspartic Acid","-4","-4","-4","-4","","-4","-4","-4","-4","-4","DESCRIPTION = ; MOLECULEWEIGHT = 133.10268; MOLECULARFORMULA = C4H7NO4; KEGG = C00402; MOLECULE = D-Aspartic acid; CAS = 1783-96-6; INCHIKEY = CKLJMWTZIZZHCS-UWTATZPHSA-N; HMDB = HMDB06483           ; CHEBI = 17364               ; IUPAC = (2R)-2-aminobutanedioic acid; ISOMERIC = C([C@H](C(=O)O)N)C(=O)O; INCHI = InChI=1S/C4H7NO4/c5-2(4(8)9)1-3(6)7/h2H,1,5H2,(H,6,7)(H,8,9)/t2-/m1/s1; MESH = Aspartic Acid; LMID = ","-4","-4","-4","-4","-4","-4","-4","-4","-4","-4","-4","-4","-4","-4","-4","2015-08-13 09:12:35.0"
"","Cit","ADMCDUKEP180UPLC","AD Metabolomics Consortium Duke Biocrates P180 Kit Ultra Performance Liquid Chromatography","-4","Citrulline","-4","-4","-4","-4","","-4","-4","-4","-4","-4","DESCRIPTION = ; MOLECULEWEIGHT = 175.18572; MOLECULARFORMULA = C6H13N3O3; KEGG = C00327; MOLECULE = L-Citrulline; CAS = 372-75-8; INCHIKEY = RHGKLRLOHDJJDR-BYPYZUCNSA-N; HMDB = HMDB00904           ; CHEBI = 16349               ; IUPAC = (2S)-2-amino-5-(carbamoylamino)pentanoic acid; ISOMERIC = C(C[C@@H](C(=O)O)N)CNC(=O)N; INCHI = InChI=1S/C6H13N3O3/c7-4(5(10)11)2-1-3-9-6(8)12/h4H,1-3,7H2,(H,10,11)(H3,8,9,12)/t4-/m0/s1; MESH = Citrulline; LMID = ","-4","-4","-4","-4","-4","-4","-4","-4","-4","-4","-4","-4","-4","-4","-4","2015-08-13 09:12:35.0"
"","Gln","ADMCDUKEP180UPLC","AD Metabolomics Consortium Duke Biocrates P180 Kit Ultra Performance Liquid Chromatography","-4","Glutamine","-4","-4","-4","-4","","-4","-4","-4","-4","-4","DESCRIPTION = ; MOLECULEWEIGHT = 146.1445; MOLECULARFORMULA = C5H10N2O3; KEGG = C00064; MOLECULE = L-Glutamine; CAS = 56-85-9; INCHIKEY = ZDXPYRJPNDTMRX-VKHMYHEASA-N; HMDB = HMDB00641           ; CHEBI = 18050               ; IUPAC = (2S)-2,5-diamino-5-oxopentanoic acid; ISOMERIC = C(CC(=O)N)[C@@H](C(=O)O)N; INCHI = InChI=1S/C5H10N2O3/c6-3(5(9)10)1-2-4(7)8/h3H,1-2,6H2,(H2,7,8)(H,9,10)/t3-/m0/s1; MESH = Glutamine; LMID = ","-4","-4","-4","-4","-4","-4","-4","-4","-4","-4","-4","-4","-4","-4","-4","2015-08-13 09:12:35.0"
"","Glu","ADMCDUKEP180UPLC","AD Metabolomics Consortium Duke Biocrates P180 Kit Ultra Performance Liquid Chromatography","-4","Glutamic Acid","-4","-4","-4","-4","","-4","-4","-4","-4","-4","DESCRIPTION = ; MOLECULEWEIGHT = 147.12926; MOLECULARFORMULA = C5H9NO4; KEGG = C00217; MOLECULE = D-Glutamic acid; CAS = 6893-26-1; INCHIKEY = WHUUTDBJXJRKMK-GSVOUGTGSA-N; HMDB = HMDB03339           ; CHEBI = 15966               ; IUPAC = (2R)-2-aminopentanedioic acid; ISOMERIC = C(CC(=O)O)[C@H](C(=O)O)N; INCHI = InChI=1S/C5H9NO4/c6-3(5(9)10)1-2-4(7)8/h3H,1-2,6H2,(H,7,8)(H,9,10)/t3-/m1/s1; MESH = Glutamic Acid; LMID = ","-4","-4","-4","-4","-4","-4","-4","-4","-4","-4","-4","-4","-4","-4","-4","2015-08-13 09:12:35.0"
"","Gly","ADMCDUKEP180UPLC","AD Metabolomics Consortium Duke Biocrates P180 Kit Ultra Performance Liquid Chromatography","-4","Glycine","-4","-4","-4","-4","","-4","-4","-4","-4","-4","DESCRIPTION = ; MOLECULEWEIGHT = 75.0666; MOLECULARFORMULA = C2H5NO2; KEGG = C00037; MOLECULE = Glycine; CAS = 56-40-6; INCHIKEY = DHMQDGOQFOQNFH-UHFFFAOYSA-N; HMDB = HMDB00123           ; CHEBI = 15428               ; IUPAC = 2-aminoacetic acid; ISOMERIC = C(C(=O)O)N; INCHI = InChI=1S/C2H5NO2/c3-1-2(4)5/h1,3H2,(H,4,5); MESH = Glycine; LMID = ","-4","-4","-4","-4","-4","-4","-4","-4","-4","-4","-4","-4","-4","-4","-4","2015-08-13 09:12:35.0"
"","His","ADMCDUKEP180UPLC","AD Metabolomics Consortium Duke Biocrates P180 Kit Ultra Performance Liquid Chromatography","-4","Histidine","-4","-4","-4","-4","","-4","-4","-4","-4","-4","DESCRIPTION = ; MOLECULEWEIGHT = 155.15456; MOLECULARFORMULA = C6H9N3O2; KEGG = C00135; MOLECULE = L-Histidine; CAS = 71-00-1; INCHIKEY = HNDVDQJCIGZPNO-YFKPBYRVSA-N; HMDB = HMDB00177           ; CHEBI = 15971               ; IUPAC = (2S)-2-amino-3-(1H-imidazol-5-yl)propanoic acid; ISOMERIC = C1=C(NC=N1)C[C@@H](C(=O)O)N; INCHI = InChI=1S/C6H9N3O2/c7-5(6(10)11)1-4-2-8-3-9-4/h2-3,5H,1,7H2,(H,8,9)(H,10,11)/t5-/m0/s1; MESH = Histidine; LMID = ","-4","-4","-4","-4","-4","-4","-4","-4","-4","-4","-4","-4","-4","-4","-4","2015-08-13 09:12:35.0"
"","Ile","ADMCDUKEP180UPLC","AD Metabolomics Consortium Duke Biocrates P180 Kit Ultra Performance Liquid Chromatography","-4","Isoleucine","-4","-4","-4","-4","","-4","-4","-4","-4","-4","DESCRIPTION = ; MOLECULEWEIGHT = 131.17292; MOLECULARFORMULA = C6H13NO2; KEGG = C16434; MOLECULE = Isoleucine; CAS = 443-79-8; INCHIKEY = AGPKZVBTJJNPAG-UHFFFAOYSA-N; HMDB = ; CHEBI = 24898               ; IUPAC = 2-amino-3-methylpentanoic acid; ISOMERIC = CCC(C)C(C(=O)O)N; INCHI = InChI=1S/C6H13NO2/c1-3-4(2)5(7)6(8)9/h4-5H,3,7H2,1-2H3,(H,8,9); MESH = Isoleucine; LMID = ","-4","-4","-4","-4","-4","-4","-4","-4","-4","-4","-4","-4","-4","-4","-4","2015-08-13 09:12:35.0"
"","Lys","ADMCDUKEP180UPLC","AD Metabolomics Consortium Duke Biocrates P180 Kit Ultra Performance Liquid Chromatography","-4","Lysine","-4","-4","-4","-4","","-4","-4","-4","-4","-4","DESCRIPTION = ; MOLECULEWEIGHT = 146.18756; MOLECULARFORMULA = C6H14N2O2; KEGG = C00739; MOLECULE = D-Lysine; CAS = 923-27-3; INCHIKEY = KDXKERNSBIXSRK-RXMQYKEDSA-N; HMDB = HMDB03405           ; CHEBI = 16855               ; IUPAC = (2R)-2,6-diaminohexanoic acid; ISOMERIC = C(CCN)C[C@H](C(=O)O)N; INCHI = InChI=1S/C6H14N2O2/c7-4-2-1-3-5(8)6(9)10/h5H,1-4,7-8H2,(H,9,10)/t5-/m1/s1; MESH = Lysine; LMID = ","-4","-4","-4","-4","-4","-4","-4","-4","-4","-4","-4","-4","-4","-4","-4","2015-08-13 09:12:35.0"
"","Met","ADMCDUKEP180UPLC","AD Metabolomics Consortium Duke Biocrates P180 Kit Ultra Performance Liquid Chromatography","-4","Methionine","-4","-4","-4","-4","","-4","-4","-4","-4","-4","DESCRIPTION = ; MOLECULEWEIGHT = 149.21134; MOLECULARFORMULA = C5H11NO2S; KEGG = C01733; MOLECULE = Methionine; CAS = 59-51-8; INCHIKEY = FFEARJCKVFRZRR-UHFFFAOYSA-N; HMDB = ; CHEBI = 168116              ; IUPAC = 2-amino-4-methylsulfanylbutanoic acid; ISOMERIC = CSCCC(C(=O)O)N; INCHI = InChI=1S/C5H11NO2S/c1-9-3-2-4(6)5(7)8/h4H,2-3,6H2,1H3,(H,7,8); MESH = Methionine; LMID = ","-4","-4","-4","-4","-4","-4","-4","-4","-4","-4","-4","-4","-4","-4","-4","2015-08-13 09:12:35.0"
"","Orn","ADMCDUKEP180UPLC","AD Metabolomics Consortium Duke Biocrates P180 Kit Ultra Performance Liquid Chromatography","-4","Ornithine","-4","-4","-4","-4","","-4","-4","-4","-4","-4","DESCRIPTION = ; MOLECULEWEIGHT = 132.16098; MOLECULARFORMULA = C5H12N2O2; KEGG = C00515; MOLECULE = D-Ornithine; CAS = 348-66-3; INCHIKEY = AHLPHDHHMVZTML-SCSAIBSYSA-N; HMDB = HMDB03374           ; CHEBI = 16176               ; IUPAC = (2R)-2,5-diaminopentanoic acid; ISOMERIC = C(C[C@H](C(=O)O)N)CN; INCHI = InChI=1S/C5H12N2O2/c6-3-1-2-4(7)5(8)9/h4H,1-3,6-7H2,(H,8,9)/t4-/m1/s1; MESH = Ornithine; LMID = ","-4","-4","-4","-4","-4","-4","-4","-4","-4","-4","-4","-4","-4","-4","-4","2015-08-13 09:12:35.0"
"","Phe","ADMCDUKEP180UPLC","AD Metabolomics Consortium Duke Biocrates P180 Kit Ultra Performance Liquid Chromatography","-4","Phenylalanine","-4","-4","-4","-4","","-4","-4","-4","-4","-4","DESCRIPTION = ; MOLECULEWEIGHT = 165.18914; MOLECULARFORMULA = C9H11NO2; KEGG = C02265; MOLECULE = D-Phenylalanine; CAS = 673-06-3; INCHIKEY = COLNVLDHVKWLRT-MRVPVSSYSA-N; HMDB = ; CHEBI = 16998               ; IUPAC = (2R)-2-amino-3-phenylpropanoic acid; ISOMERIC = C1=CC=C(C=C1)C[C@H](C(=O)O)N; INCHI = InChI=1S/C9H11NO2/c10-8(9(11)12)6-7-4-2-1-3-5-7/h1-5,8H,6,10H2,(H,11,12)/t8-/m1/s1; MESH = Phenylalanine; LMID = ","-4","-4","-4","-4","-4","-4","-4","-4","-4","-4","-4","-4","-4","-4","-4","2015-08-13 09:12:35.0"
"","Pro","ADMCDUKEP180UPLC","AD Metabolomics Consortium Duke Biocrates P180 Kit Ultra Performance Liquid Chromatography","-4","Proline","-4","-4","-4","-4","","-4","-4","-4","-4","-4","DESCRIPTION = ; MOLECULEWEIGHT = 115.13046; MOLECULARFORMULA = C5H9NO2; KEGG = C00148; MOLECULE = L-Proline; CAS = 147-85-3; INCHIKEY = ONIBWKKTOPOVIA-BYPYZUCNSA-N; HMDB = HMDB00162           ; CHEBI = 17203               ; IUPAC = (2S)-pyrrolidine-2-carboxylic acid; ISOMERIC = C1C[C@H](NC1)C(=O)O; INCHI = InChI=1S/C5H9NO2/c7-5(8)4-2-1-3-6-4/h4,6H,1-3H2,(H,7,8)/t4-/m0/s1; MESH = Proline; LMID = ","-4","-4","-4","-4","-4","-4","-4","-4","-4","-4","-4","-4","-4","-4","-4","2015-08-13 09:12:35.0"
"","Ser","ADMCDUKEP180UPLC","AD Metabolomics Consortium Duke Biocrates P180 Kit Ultra Performance Liquid Chromatography","-4","Serine","-4","-4","-4","-4","","-4","-4","-4","-4","-4","DESCRIPTION = ; MOLECULEWEIGHT = 105.09258; MOLECULARFORMULA = C3H7NO3; KEGG = C00716; MOLECULE = Serine; CAS = 302-84-1; INCHIKEY = MTCFGRXMJLQNBG-UHFFFAOYSA-N; HMDB = ; CHEBI = 17822               ; IUPAC = 2-amino-3-hydroxypropanoic acid; ISOMERIC = C(C(C(=O)O)N)O; INCHI = InChI=1S/C3H7NO3/c4-2(1-5)3(6)7/h2,5H,1,4H2,(H,6,7); MESH = Serine; LMID = ","-4","-4","-4","-4","-4","-4","-4","-4","-4","-4","-4","-4","-4","-4","-4","2015-08-13 09:12:35.0"
"","Thr","ADMCDUKEP180UPLC","AD Metabolomics Consortium Duke Biocrates P180 Kit Ultra Performance Liquid Chromatography","-4","Threonine","-4","-4","-4","-4","","-4","-4","-4","-4","-4","DESCRIPTION = ; MOLECULEWEIGHT = 119.11916; MOLECULARFORMULA = C4H9NO3; KEGG = C00820; MOLECULE = D-Threonine; CAS = 632-20-2; INCHIKEY = AYFVYJQAPQTCCC-STHAYSLISA-N; HMDB = ; CHEBI = 16398               ; IUPAC = (2R,3S)-2-amino-3-hydroxybutanoic acid; ISOMERIC = C[C@@H]([C@H](C(=O)O)N)O; INCHI = InChI=1S/C4H9NO3/c1-2(6)3(5)4(7)8/h2-3,6H,5H2,1H3,(H,7,8)/t2-,3+/m0/s1; MESH = Threonine; LMID = ","-4","-4","-4","-4","-4","-4","-4","-4","-4","-4","-4","-4","-4","-4","-4","2015-08-13 09:12:35.0"
"","Trp","ADMCDUKEP180UPLC","AD Metabolomics Consortium Duke Biocrates P180 Kit Ultra Performance Liquid Chromatography","-4","Tryptophan","-4","-4","-4","-4","","-4","-4","-4","-4","-4","DESCRIPTION = ; MOLECULEWEIGHT = 204.22518; MOLECULARFORMULA = C11H12N2O2; KEGG = C00806; MOLECULE = Tryptophan; CAS = 54-12-6; INCHIKEY = QIVBCDIJIAJPQS-UHFFFAOYSA-N; HMDB = ; CHEBI = 27897               ; IUPAC = 2-amino-3-(1H-indol-3-yl)propanoic acid; ISOMERIC = C1=CC=C2C(=C1)C(=CN2)CC(C(=O)O)N; INCHI = InChI=1S/C11H12N2O2/c12-9(11(14)15)5-7-6-13-10-4-2-1-3-8(7)10/h1-4,6,9,13H,5,12H2,(H,14,15); MESH = Tryptophan; LMID = ","-4","-4","-4","-4","-4","-4","-4","-4","-4","-4","-4","-4","-4","-4","-4","2015-08-13 09:12:35.0"
"","Tyr","ADMCDUKEP180UPLC","AD Metabolomics Consortium Duke Biocrates P180 Kit Ultra Performance Liquid Chromatography","-4","Tyrosine","-4","-4","-4","-4","","-4","-4","-4","-4","-4","DESCRIPTION = ; MOLECULEWEIGHT = 181.18854; MOLECULARFORMULA = C9H11NO3; KEGG = C00082; MOLECULE = L-Tyrosine; CAS = 60-18-4; INCHIKEY = OUYCCCASQSFEME-QMMMGPOBSA-N; HMDB = HMDB00158           ; CHEBI = 17895               ; IUPAC = (2S)-2-amino-3-(4-hydroxyphenyl)propanoic acid; ISOMERIC = C1=CC(=CC=C1C[C@@H](C(=O)O)N)O; INCHI = InChI=1S/C9H11NO3/c10-8(9(12)13)5-6-1-3-7(11)4-2-6/h1-4,8,11H,5,10H2,(H,12,13)/t8-/m0/s1; MESH = Tyrosine; LMID = ","-4","-4","-4","-4","-4","-4","-4","-4","-4","-4","-4","-4","-4","-4","-4","2015-08-13 09:12:35.0"
"","Val","ADMCDUKEP180UPLC","AD Metabolomics Consortium Duke Biocrates P180 Kit Ultra Performance Liquid Chromatography","-4","Valine","-4","-4","-4","-4","","-4","-4","-4","-4","-4","DESCRIPTION = ; MOLECULEWEIGHT = 117.14634; MOLECULARFORMULA = C5H11NO2; KEGG = C06417; MOLECULE = D-Valine; CAS = 640-68-6; INCHIKEY = KZSNJWFQEVHDMF-SCSAIBSYSA-N; HMDB = ; CHEBI = 27477               ; IUPAC = (2R)-2-amino-3-methylbutanoic acid; ISOMERIC = CC(C)[C@H](C(=O)O)N; INCHI = InChI=1S/C5H11NO2/c1-3(2)4(6)5(7)8/h3-4H,6H2,1-2H3,(H,7,8)/t4-/m1/s1; MESH = Valine; LMID = ","-4","-4","-4","-4","-4","-4","-4","-4","-4","-4","-4","-4","-4","-4","-4","2015-08-13 09:12:35.0"
"","Ac.Orn","ADMCDUKEP180UPLC","AD Metabolomics Consortium Duke Biocrates P180 Kit Ultra Performance Liquid Chromatography","-4","Acetylornithine","-4","-4","-4","-4","","-4","-4","-4","-4","-4","DESCRIPTION = N-Acetyl-Ornithine; MOLECULEWEIGHT = 174.19766; MOLECULARFORMULA = C7H14N2O3; KEGG = C00437; MOLECULE = Acetyl-L-ornithine; CAS = 6205-08-9; INCHIKEY = JRLGPAXAGHMNOL-LURJTMIESA-N; HMDB = HMDB03357           ; CHEBI = 16543               ; IUPAC = (2S)-2-acetamido-5-aminopentanoic acid; ISOMERIC = CC(=O)N[C@@H](CCCN)C(=O)O; INCHI = InChI=1S/C7H14N2O3/c1-5(10)9-6(7(11)12)3-2-4-8/h6H,2-4,8H2,1H3,(H,9,10)(H,11,12)/t6-/m0/s1; MESH = N(delta)-acetylornithine; LMID = ","-4","-4","-4","-4","-4","-4","-4","-4","-4","-4","-4","-4","-4","-4","-4","2015-08-13 09:12:35.0"
"","ADMA","ADMCDUKEP180UPLC","AD Metabolomics Consortium Duke Biocrates P180 Kit Ultra Performance Liquid Chromatography","-4","Asymmetric dimethylarginine","-4","-4","-4","-4","","-4","-4","-4","-4","-4","DESCRIPTION = ; MOLECULEWEIGHT = 202.25412; MOLECULARFORMULA = C8H18N4O2; KEGG = C03626; MOLECULE = L-Asymmetric dimethylarginine; CAS = 30315-93-6; INCHIKEY = YDGMGEXADBMOMJ-LURJTMIESA-N; HMDB = HMDB01539           ; CHEBI = 17929               ; IUPAC = (2S)-2-amino-5-[[amino(dimethylamino)methylidene]amino]pentanoic acid; ISOMERIC = CN(C)C(=NCCC[C@@H](C(=O)O)N)N; INCHI = InChI=1S/C8H18N4O2/c1-12(2)8(10)11-5-3-4-6(9)7(13)14/h6H,3-5,9H2,1-2H3,(H2,10,11)(H,13,14)/t6-/m0/s1; MESH = N,N-dimethylarginine; LMID = ","-4","-4","-4","-4","-4","-4","-4","-4","-4","-4","-4","-4","-4","-4","-4","2015-08-13 09:12:35.0"
"","alpha.AAA","ADMCDUKEP180UPLC","AD Metabolomics Consortium Duke Biocrates P180 Kit Ultra Performance Liquid Chromatography","-4","alpha-Aminoadipic acid","-4","-4","-4","-4","","-4","-4","-4","-4","-4","DESCRIPTION = ; MOLECULEWEIGHT = 161.15584; MOLECULARFORMULA = C6H11NO4; KEGG = ; MOLECULE = D-2-Aminoadipic acid; CAS = 7620-28-2; INCHIKEY = OYIFNHCXNCRBQI-SCSAIBSYSA-N; HMDB = ; CHEBI = 37025               ; IUPAC = (2R)-2-aminohexanedioic acid; ISOMERIC = C(C[C@H](C(=O)O)N)CC(=O)O; INCHI = InChI=1S/C6H11NO4/c7-4(6(10)11)2-1-3-5(8)9/h4H,1-3,7H2,(H,8,9)(H,10,11)/t4-/m1/s1; MESH = 2-Aminoadipic  acid; LMID = ","-4","-4","-4","-4","-4","-4","-4","-4","-4","-4","-4","-4","-4","-4","-4","2015-08-13 09:12:35.0"
"","c4.OH.Pro","ADMCDUKEP180UPLC","AD Metabolomics Consortium Duke Biocrates P180 Kit Ultra Performance Liquid Chromatography","-4","c4-OH-proline ","-4","-4","-4","-4","","-4","-4","-4","-4","-4","DESCRIPTION = cis isomer of 4-hydroxyproline ; MOLECULEWEIGHT = NA; MOLECULARFORMULA = ; KEGG = ; MOLECULE = ; CAS = ; INCHIKEY = ; HMDB = ; CHEBI = ; IUPAC = ; ISOMERIC = ; INCHI = ; MESH = ; LMID = ","-4","-4","-4","-4","-4","-4","-4","-4","-4","-4","-4","-4","-4","-4","-4","2015-08-13 09:12:35.0"
"","Carnosine","ADMCDUKEP180UPLC","AD Metabolomics Consortium Duke Biocrates P180 Kit Ultra Performance Liquid Chromatography","-4","Carnosine","-4","-4","-4","-4","","-4","-4","-4","-4","-4","DESCRIPTION = ; MOLECULEWEIGHT = 226.23246; MOLECULARFORMULA = C9H14N4O3; KEGG = ; MOLECULE = Carnosine; CAS = 7683-28-5; INCHIKEY = CQOVPNPJLQNMDC-UHFFFAOYSA-N; HMDB = ; CHEBI = 120157              ; IUPAC = 2-(3-aminopropanoylamino)-3-(1H-imidazol-5-yl)propanoic acid; ISOMERIC = C1=C(NC=N1)CC(C(=O)O)NC(=O)CCN; INCHI = InChI=1S/C9H14N4O3/c10-2-1-8(14)13-7(9(15)16)3-6-4-11-5-12-6/h4-5,7H,1-3,10H2,(H,11,12)(H,13,14)(H,15,16); MESH = Carnosine; LMID = ","-4","-4","-4","-4","-4","-4","-4","-4","-4","-4","-4","-4","-4","-4","-4","2015-08-13 09:12:35.0"
"","Creatinine","ADMCDUKEP180UPLC","AD Metabolomics Consortium Duke Biocrates P180 Kit Ultra Performance Liquid Chromatography","-4","Creatinine","-4","-4","-4","-4","","-4","-4","-4","-4","-4","DESCRIPTION = ; MOLECULEWEIGHT = 113.11788; MOLECULARFORMULA = C4H7N3O; KEGG = C00791; MOLECULE = Creatinine; CAS = 60-27-5; INCHIKEY = DDRJAANPRJIHGJ-UHFFFAOYSA-N; HMDB = HMDB00562           ; CHEBI = 16737               ; IUPAC = 2-amino-3-methyl-4H-imidazol-5-one; ISOMERIC = CN1CC(=O)N=C1N; INCHI = InChI=1S/C4H7N3O/c1-7-2-3(8)6-4(7)5/h2H2,1H3,(H2,5,6,8); MESH = Creatinine; LMID = ","-4","-4","-4","-4","-4","-4","-4","-4","-4","-4","-4","-4","-4","-4","-4","2015-08-13 09:12:35.0"
"","DOPA","ADMCDUKEP180UPLC","AD Metabolomics Consortium Duke Biocrates P180 Kit Ultra Performance Liquid Chromatography","-4","Dihydroxyphenylalanine","-4","-4","-4","-4","","-4","-4","-4","-4","-4","DESCRIPTION = 3,4-Dihydroxyphenylalanin; MOLECULEWEIGHT = 197.18794; MOLECULARFORMULA = C9H11NO4; KEGG = ; MOLECULE = Dihydroxyphenyl-D-alanine; CAS = 5796-17-8; INCHIKEY = WTDRDQBEARUVNC-ZCFIWIBFSA-N; HMDB = ; CHEBI = 49169               ; IUPAC = (2R)-2-amino-3-(3,4-dihydroxyphenyl)propanoic acid; ISOMERIC = C1=CC(=C(C=C1C[C@H](C(=O)O)N)O)O; INCHI = InChI=1S/C9H11NO4/c10-6(9(13)14)3-5-1-2-7(11)8(12)4-5/h1-2,4,6,11-12H,3,10H2,(H,13,14)/t6-/m1/s1 ; MESH = Dihydroxyphenylalanine; LMID = ","-4","-4","-4","-4","-4","-4","-4","-4","-4","-4","-4","-4","-4","-4","-4","2015-08-13 09:12:35.0"
"","Dopamine","ADMCDUKEP180UPLC","AD Metabolomics Consortium Duke Biocrates P180 Kit Ultra Performance Liquid Chromatography","-4","Dopamine","-4","-4","-4","-4","","-4","-4","-4","-4","-4","DESCRIPTION = created from QMF import; MOLECULEWEIGHT = 153.17844; MOLECULARFORMULA = C8H11NO2; KEGG = C03758; MOLECULE = Dopamine; CAS = 51-61-6; INCHIKEY = VYFYYTLLBUKUHU-UHFFFAOYSA-N; HMDB = HMDB00073           ; CHEBI = 18243               ; IUPAC = 4-(2-aminoethyl)benzene-1,2-diol; ISOMERIC = C1=CC(=C(C=C1CCN)O)O; INCHI = InChI=1S/C8H11NO2/c9-4-3-6-1-2-7(10)8(11)5-6/h1-2,5,10-11H,3-4,9H2; MESH = Dopamine; LMID = ","-4","-4","-4","-4","-4","-4","-4","-4","-4","-4","-4","-4","-4","-4","-4","2015-08-13 09:12:35.0"
"","Histamine","ADMCDUKEP180UPLC","AD Metabolomics Consortium Duke Biocrates P180 Kit Ultra Performance Liquid Chromatography","-4","Histamine","-4","-4","-4","-4","","-4","-4","-4","-4","-4","DESCRIPTION = created from QMF import; MOLECULEWEIGHT = 111.14506; MOLECULARFORMULA = C5H9N3; KEGG = C00388; MOLECULE = Histamine; CAS = 51-45-6; INCHIKEY = NTYJJOPFIAHURM-UHFFFAOYSA-N; HMDB = HMDB00870           ; CHEBI = 18295               ; IUPAC = 2-(1H-imidazol-5-yl)ethanamine; ISOMERIC = C1=C(NC=N1)CCN; INCHI = InChI=1S/C5H9N3/c6-2-1-5-3-7-4-8-5/h3-4H,1-2,6H2,(H,7,8); MESH = Histamine; LMID = ","-4","-4","-4","-4","-4","-4","-4","-4","-4","-4","-4","-4","-4","-4","-4","2015-08-13 09:12:35.0"
"","Kynurenine","ADMCDUKEP180UPLC","AD Metabolomics Consortium Duke Biocrates P180 Kit Ultra Performance Liquid Chromatography","-4","Kynurenine","-4","-4","-4","-4","","-4","-4","-4","-4","-4","DESCRIPTION = ; MOLECULEWEIGHT = 208.21388; MOLECULARFORMULA = C10H12N2O3; KEGG = ; MOLECULE = D-Kynurenine; CAS = 13441-51-5; INCHIKEY = YGPSJZOEDVAXAB-MRVPVSSYSA-N; HMDB = ; CHEBI = ; IUPAC = (2R)-2-amino-4-(2-aminophenyl)-4-oxobutanoic acid; ISOMERIC = C1=CC=C(C(=C1)C(=O)C[C@H](C(=O)O)N)N; INCHI = InChI=1S/C10H12N2O3/c11-7-4-2-1-3-6(7)9(13)5-8(12)10(14)15/h1-4,8H,5,11-12H2,(H,14,15)/t8-/m1/s1; MESH = Kynurenine; LMID = ","-4","-4","-4","-4","-4","-4","-4","-4","-4","-4","-4","-4","-4","-4","-4","2015-08-13 09:12:35.0"
"","Met.SO","ADMCDUKEP180UPLC","AD Metabolomics Consortium Duke Biocrates P180 Kit Ultra Performance Liquid Chromatography","-4","Methionine-Sulfoxide","-4","-4","-4","-4","","-4","-4","-4","-4","-4","DESCRIPTION = created from QMF import; MOLECULEWEIGHT = 165.21074; MOLECULARFORMULA = C5H11NO3S; KEGG = C15999; MOLECULE = L-Methionine-(S)-Sulfoxide; CAS = ; INCHIKEY = QEFRNWWLZKMPFJ-MFXDVPHUSA-N; HMDB = ; CHEBI = 17016               ; IUPAC = (2S)-2-amino-4-[(S)-methylsulfinyl]butanoic acid; ISOMERIC = C[S@](=O)CC[C@@H](C(=O)O)N; INCHI = InChI=1S/C5H11NO3S/c1-10(9)3-2-4(6)5(7)8/h4H,2-3,6H2,1H3,(H,7,8)/t4-,10-/m0/s1; MESH = methionine sulfoxide; LMID = ","-4","-4","-4","-4","-4","-4","-4","-4","-4","-4","-4","-4","-4","-4","-4","2015-08-13 09:12:35.0"
"","Nitro.Tyr","ADMCDUKEP180UPLC","AD Metabolomics Consortium Duke Biocrates P180 Kit Ultra Performance Liquid Chromatography","-4","Nitrotyrosine","-4","-4","-4","-4","","-4","-4","-4","-4","-4","DESCRIPTION = created from QMF import; MOLECULEWEIGHT = 226.1861; MOLECULARFORMULA = C9H10N2O5; KEGG = ; MOLECULE = 2-Nitrotyrosine; CAS = ; INCHIKEY = RCZUDMZUWULMID-UHFFFAOYSA-N; HMDB = ; CHEBI = ; IUPAC = 2-amino-3-(4-hydroxy-2-nitrophenyl)propanoic acid; ISOMERIC = C1=CC(=C(C=C1O)[N+](=O)[O-])CC(C(=O)O)N; INCHI = InChI=1S/C9H10N2O5/c10-7(9(13)14)3-5-1-2-6(12)4-8(5)11(15)16/h1-2,4,7,12H,3,10H2,(H,13,14); MESH = 3-nitrotyrosine; LMID = ","-4","-4","-4","-4","-4","-4","-4","-4","-4","-4","-4","-4","-4","-4","-4","2015-08-13 09:12:35.0"
"","PEA","ADMCDUKEP180UPLC","AD Metabolomics Consortium Duke Biocrates P180 Kit Ultra Performance Liquid Chromatography","-4","Phenylethylamine","-4","-4","-4","-4","","-4","-4","-4","-4","-4","DESCRIPTION = created from QMF import; MOLECULEWEIGHT = 121.17964; MOLECULARFORMULA = C8H11N; KEGG = ; MOLECULE = (1S)-Phenylethylamine; CAS = 2627-86-3; INCHIKEY = RQEUFEKYXDPUSK-ZETCQYMHSA-N; HMDB = ; CHEBI = 35321               ; IUPAC = (1S)-1-phenylethanamine; ISOMERIC = C[C@@H](C1=CC=CC=C1)N; INCHI = InChI=1S/C8H11N/c1-7(9)8-5-3-2-4-6-8/h2-7H,9H2,1H3/t7-/m0/s1; MESH = 1-phenethylamine; LMID = ","-4","-4","-4","-4","-4","-4","-4","-4","-4","-4","-4","-4","-4","-4","-4","2015-08-13 09:12:35.0"
"","Putrescine","ADMCDUKEP180UPLC","AD Metabolomics Consortium Duke Biocrates P180 Kit Ultra Performance Liquid Chromatography","-4","Putrescine","-4","-4","-4","-4","","-4","-4","-4","-4","-4","DESCRIPTION = ; MOLECULEWEIGHT = 88.15148; MOLECULARFORMULA = C4H12N2; KEGG = C00134; MOLECULE = Putrescine; CAS = 110-60-1; INCHIKEY = KIDHWZJUCRJVML-UHFFFAOYSA-N; HMDB = HMDB01414           ; CHEBI = 17148               ; IUPAC = butane-1,4-diamine; ISOMERIC = C(CCN)CN; INCHI = InChI=1S/C4H12N2/c5-3-1-2-4-6/h1-6H2; MESH = Putrescine; LMID = ","-4","-4","-4","-4","-4","-4","-4","-4","-4","-4","-4","-4","-4","-4","-4","2015-08-13 09:12:35.0"
"","Sarcosine","ADMCDUKEP180UPLC","AD Metabolomics Consortium Duke Biocrates P180 Kit Ultra Performance Liquid Chromatography","-4","Sarcosine","-4","-4","-4","-4","","-4","-4","-4","-4","-4","DESCRIPTION = ; MOLECULEWEIGHT = 89.09318; MOLECULARFORMULA = C3H7NO2; KEGG = C00213; MOLECULE = Sarcosine; CAS = 107-97-1; INCHIKEY = FSYKKLYZXJSNPZ-UHFFFAOYSA-N; HMDB = HMDB00271           ; CHEBI = 15611               ; IUPAC = 2-(methylamino)acetic acid; ISOMERIC = CNCC(=O)O; INCHI = InChI=1S/C3H7NO2/c1-4-2-3(5)6/h4H,2H2,1H3,(H,5,6); MESH = Sarcosine; LMID = ","-4","-4","-4","-4","-4","-4","-4","-4","-4","-4","-4","-4","-4","-4","-4","2015-08-13 09:12:35.0"
"","Serotonin","ADMCDUKEP180UPLC","AD Metabolomics Consortium Duke Biocrates P180 Kit Ultra Performance Liquid Chromatography","-4","Serotonin","-4","-4","-4","-4","","-4","-4","-4","-4","-4","DESCRIPTION = created from QMF import; MOLECULEWEIGHT = 176.21508; MOLECULARFORMULA = C10H12N2O; KEGG = C00780; MOLECULE = Serotonin; CAS = 50-67-9; INCHIKEY = QZAYGJVTTNCVMB-UHFFFAOYSA-N; HMDB = HMDB00259           ; CHEBI = 28790               ; IUPAC = 3-(2-aminoethyl)-1H-indol-5-ol; ISOMERIC = C1=CC2=C(C=C1O)C(=CN2)CCN; INCHI = InChI=1S/C10H12N2O/c11-4-3-7-6-12-10-2-1-8(13)5-9(7)10/h1-2,5-6,12-13H,3-4,11H2; MESH = Serotonin; LMID = ","-4","-4","-4","-4","-4","-4","-4","-4","-4","-4","-4","-4","-4","-4","-4","2015-08-13 09:12:35.0"
"","Spermidine","ADMCDUKEP180UPLC","AD Metabolomics Consortium Duke Biocrates P180 Kit Ultra Performance Liquid Chromatography","-4","Spermidine","-4","-4","-4","-4","","-4","-4","-4","-4","-4","DESCRIPTION = ; MOLECULEWEIGHT = 145.24586; MOLECULARFORMULA = C7H19N3; KEGG = C00315; MOLECULE = Spermidine; CAS = 124-20-9; INCHIKEY = ATHGHQPFGPMSJY-UHFFFAOYSA-N; HMDB = HMDB01257           ; CHEBI = 16610               ; IUPAC = N-(3-aminopropyl)butane-1,4-diamine; ISOMERIC = C(CCNCCCN)CN; INCHI = InChI=1S/C7H19N3/c8-4-1-2-6-10-7-3-5-9/h10H,1-9H2; MESH = Spermidine; LMID = ","-4","-4","-4","-4","-4","-4","-4","-4","-4","-4","-4","-4","-4","-4","-4","2015-08-13 09:12:35.0"
"","Spermine","ADMCDUKEP180UPLC","AD Metabolomics Consortium Duke Biocrates P180 Kit Ultra Performance Liquid Chromatography","-4","Spermine","-4","-4","-4","-4","","-4","-4","-4","-4","-4","DESCRIPTION = ; MOLECULEWEIGHT = 202.34024; MOLECULARFORMULA = C10H26N4; KEGG = C00750; MOLECULE = Spermine; CAS = 71-44-3; INCHIKEY = PFNFFQXMRSDOHW-UHFFFAOYSA-N; HMDB = HMDB01256           ; CHEBI = 15746               ; IUPAC = N,N-bis(3-aminopropyl)butane-1,4-diamine; ISOMERIC = C(CCNCCCN)CNCCCN; INCHI = InChI=1S/C10H26N4/c11-5-3-9-13-7-1-2-8-14-10-4-6-12/h13-14H,1-12H2; MESH = Spermine; LMID = ","-4","-4","-4","-4","-4","-4","-4","-4","-4","-4","-4","-4","-4","-4","-4","2015-08-13 09:12:35.0"
"","t4.OH.Pro","ADMCDUKEP180UPLC","AD Metabolomics Consortium Duke Biocrates P180 Kit Ultra Performance Liquid Chromatography","-4","trans isomer of 4-hydroxyproline ","-4","-4","-4","-4","","-4","-4","-4","-4","-4","DESCRIPTION = ; MOLECULEWEIGHT = NA; MOLECULARFORMULA = ; KEGG = ; MOLECULE = ; CAS = ; INCHIKEY = ; HMDB = ; CHEBI = ; IUPAC = ; ISOMERIC = ; INCHI = ; MESH = ; LMID = ","-4","-4","-4","-4","-4","-4","-4","-4","-4","-4","-4","-4","-4","-4","-4","2015-08-13 09:12:35.0"
"","Taurine","ADMCDUKEP180UPLC","AD Metabolomics Consortium Duke Biocrates P180 Kit Ultra Performance Liquid Chromatography","-4","Taurine","-4","-4","-4","-4","","-4","-4","-4","-4","-4","DESCRIPTION = ; MOLECULEWEIGHT = 125.14688; MOLECULARFORMULA = C2H7NO3S; KEGG = C00245; MOLECULE = Taurine; CAS = 107-35-7; INCHIKEY = XOAAWQZATWQOTB-UHFFFAOYSA-N; HMDB = HMDB00251           ; CHEBI = 15891               ; IUPAC = 2-aminoethanesulfonic acid; ISOMERIC = C(CS(=O)(=O)O)N; INCHI = InChI=1S/C2H7NO3S/c3-1-2-7(4,5)6/h1-3H2,(H,4,5,6) ; MESH = Taurine; LMID = ","-4","-4","-4","-4","-4","-4","-4","-4","-4","-4","-4","-4","-4","-4","-4","2015-08-13 09:12:35.0"
"","SDMA","ADMCDUKEP180UPLC","AD Metabolomics Consortium Duke Biocrates P180 Kit Ultra Performance Liquid Chromatography","-4","Symmetric dimethylarginine","-4","-4","-4","-4","","-4","-4","-4","-4","-4","DESCRIPTION = ; MOLECULEWEIGHT = 202.25412; MOLECULARFORMULA = C8H18N4O2; KEGG = ; MOLECULE = L-Symmetric dimethylarginine; CAS = ; INCHIKEY = NWGZOALPWZDXNG-LURJTMIESA-N; HMDB = ; CHEBI = ; IUPAC = (2S)-5-(diaminomethylideneamino)-2-(dimethylamino)pentanoic acid; ISOMERIC = CN(C)[C@@H](CCCN=C(N)N)C(=O)O; INCHI = InChI=1S/C8H18N4O2/c1-12(2)6(7(13)14)4-3-5-11-8(9)10/h6H,3-5H2,1-2H3,(H,13,14)(H4,9,10,11)/t6-/m0/s1; MESH = Arginine; LMID = ","-4","-4","-4","-4","-4","-4","-4","-4","-4","-4","-4","-4","-4","-4","-4","2015-08-13 09:12:35.0"
